60.5874,-20.8389,26.1501
80.6414,-64.5306,76.9829
18.8109,63.4992,-85.1441
-79.6289,-8.93778,-35.1204
29.0816,47.748,80.9574
72.3165,85.5734,-84.2428
-13.9863,1.97862,70.0015
-87.8455,-94.7386,5.4389
-28.4203,-33.7791,-5.82083
88.7831,53.2605,-27.5358
-21.1652,-60.7911,51.0894
90.9149,-72.7835,-85.9363
1.35961,80.1846,-10.3626
-94.3998,9.61525,80.3073
14.3437,-23.964,-13.2697
-26.1477,-24.7607,37.1983
73.3575,-48.6563,7.80541
-37.4996,7.30398,-64.7725
-55.0632,-28.9695,53.8846
93.3369,-44.5472,85.0783
93.7879,12.9515,-86.6903
16.1711,-85.2087,29.3396
-84.3389,36.7397,77.037
-73.5017,64.7859,77.6075
32.3006,-16.368,79.9484
65.5389,-76.5044,-22.5126
-44.9883,23.4726,-67.3262
43.2349,-45.4998,4.54355
38.4604,-62.532,-6.60325
-42.9492,-34.2925,-70.4935
-76.9164,-25.8599,63.1442
-82.6395,58.2321,24.1466
57.5956,-48.7395,74.8067
36.0125,67.7373,-6.52496
-48.0003,24.9663,17.8845
-52.7806,34.1428,-44.5909
-58.0867,36.9178,65.4666
54.1487,17.4066,63.0825
13.8456,-51.5508,-4.91759
95.2875,20.6088,45.9232
-74.9669,41.3203,-26.9633
33.5345,-29.6448,20.638
-0.680523,50.1885,95.3734
-85.3461,5.71733,-24.871
14.285,-94.8252,-17.1352
40.5606,-53.1502,-83.4876
-29.4178,17.4161,-50.2808
-72.6091,89.0399,89.3211
-0.124914,79.6947,-78.3616
-16.1228,87.9361,4.26743
-16.4758,-51.9276,87.6975
-53.8488,24.2539,43.9495
-64.3771,-84.7373,56.3161
-40.9664,90.9801,-84.3922
60.6061,11.4149,-71.9224
-65.3543,43.016,-95.7798
-22.8966,42.4445,76.1715
9.46715,96.5724,-44.6092
75.4566,59.5144,86.1869
71.8893,-84.8006,-94.0601
58.5573,-0.575268,-70.225
34.7283,-1.74229,49.4592
-58.7269,-95.9587,-95.6277
-53.3877,16.8044,-53.4435
-23.6188,26.9809,-96.153
13.2093,87.543,11.959
51.0887,-83.0534,36.7975
15.422,-87.1266,40.6251
-2.30771,-59.0823,-51.3706
-89.7889,-95.4896,-53.0765
87.8204,-92.6549,-51.5295
8.48626,98.0823,-11.2578
0.92354,-19.2337,28.4046
41.8217,-73.8383,-31.112
-65.0472,67.9204,10.9839
-27.4695,-96.6202,-4.28465
89.7593,42.3174,30.1683
22.0472,-98.0303,3.26785
-48.0853,-21.1538,38.4485
-14.7667,25.832,25.233
-12.8629,20.6628,17.4301
-79.2649,-17.5557,-24.9951
-82.5223,-15.9329,76.9338
-23.0314,-82.6082,-36.839
-25.0828,31.6664,93.3824
40.3408,33.1271,-14.9563
67.0493,28.6687,-82.239
95.2,-61.9799,-37.9415
-98.0403,47.7701,-79.4372
21.1813,20.0963,63.773
56.4723,-54.2936,-88.3666
-86.5144,24.4022,-91.5237
87.8137,-71.0571,31.9209
35.6123,-55.8237,74.1658
84.3257,81.4135,12.3139
-68.2362,-80.7076,22.3081
-74.7836,71.5841,-49.9618
-93.5429,4.06396,31.9133
-85.2128,50.8514,80.272
-54.4801,39.5364,65.1544
